f=[0/44.1 14/44.1 14/44.1 1];
m=[1 1 0 0];
b=fir2(8,f,m);